Selection	View	Channel	Begin Time (s)	End Time (s)	Low Freq (Hz)	High Freq (Hz)
1	Waveform 1	1	0.028297469	0.036382460	738.0	6568.3
1	Spectrogram 1	1	0.028297469	0.036382460	738.0	6568.3
2	Waveform 1	1	0.073438669	0.078828664	0.0	19852.4
2	Spectrogram 1	1	0.073438669	0.078828664	0.0	19852.4
3	Waveform 1	1	0.097693643	0.104431135	0.0	19409.6
3	Spectrogram 1	1	0.097693643	0.104431135	0.0	19409.6
4	Waveform 1	1	0.229074749	0.236485991	0.0	19409.6
4	Spectrogram 1	1	0.229074749	0.236485991	0.0	19409.6
5	Waveform 1	1	0.258692080	0.267743921	0.0	19483.4
5	Spectrogram 1	1	0.258692080	0.267743921	0.0	19483.4
6	Waveform 1	1	0.282512714	0.286324015	0.0	19704.8
6	Spectrogram 1	1	0.282512714	0.286324015	0.0	19704.8
7	Waveform 1	1	0.298710745	0.305380522	0.0	18155.0
7	Spectrogram 1	1	0.298710745	0.305380522	0.0	18155.0
8	Waveform 1	1	0.310144649	0.315385188	0.0	19557.2
8	Spectrogram 1	1	0.310144649	0.315385188	0.0	19557.2
9	Waveform 1	1	0.331106807	0.341111473	0.0	19704.8
9	Spectrogram 1	1	0.331106807	0.341111473	0.0	19704.8
10	Waveform 1	1	0.411144135	0.419719563	590.4	6125.5
10	Spectrogram 1	1	0.411144135	0.419719563	590.4	6125.5
11	Waveform 1	1	0.531676541	0.540251969	1254.6	5756.5
11	Spectrogram 1	1	0.531676541	0.540251969	1254.6	5756.5
12	Waveform 1	1	0.571695133	0.581699799	0.0	19631.0
12	Spectrogram 1	1	0.571695133	0.581699799	0.0	19631.0
13	Waveform 1	1	0.595039353	0.601232718	0.0	19262.0
13	Spectrogram 1	1	0.595039353	0.601232718	0.0	19262.0
14	Waveform 1	1	0.720812299	0.727005663	0.0	19631.0
14	Spectrogram 1	1	0.720812299	0.727005663	0.0	19631.0
15	Waveform 1	1	0.737010329	0.741774456	0.0	16310.0
15	Spectrogram 1	1	0.737010329	0.741774456	0.0	16310.0
16	Waveform 1	1	0.856113497	0.861354037	0.0	18893.0
16	Spectrogram 1	1	0.856113497	0.861354037	0.0	18893.0
17	Waveform 1	1	0.875646417	0.887080321	0.0	19704.8
17	Spectrogram 1	1	0.875646417	0.887080321	0.0	19704.8
18	Waveform 1	1	1.032862598	1.039532376	0.0	19409.6
18	Spectrogram 1	1	1.032862598	1.039532376	0.0	19409.6
19	Waveform 1	1	1.060957165	1.067150530	0.0	19704.8
19	Spectrogram 1	1	1.060957165	1.067150530	0.0	19704.8
20	Waveform 1	1	1.077631609	1.084301386	0.0	17859.8
20	Spectrogram 1	1	1.077631609	1.084301386	0.0	17859.8
21	Waveform 1	1	1.101452242	1.109074845	0.0	19483.4
21	Spectrogram 1	1	1.101452242	1.109074845	0.0	19483.4
22	Waveform 1	1	1.138136018	1.146711446	0.0	7011.1
22	Spectrogram 1	1	1.138136018	1.146711446	0.0	7011.1
23	Waveform 1	1	1.196734777	1.202451729	0.0	19631.0
23	Spectrogram 1	1	1.196734777	1.202451729	0.0	19631.0
24	Waveform 1	1	1.425412859	1.431606224	0.0	19483.4
24	Spectrogram 1	1	1.425412859	1.431606224	0.0	19483.4
25	Waveform 1	1	1.444945778	1.456379683	0.0	19631.0
25	Spectrogram 1	1	1.444945778	1.456379683	0.0	19631.0
26	Waveform 1	1	1.574053612	1.580246977	0.0	19924.5
26	Spectrogram 1	1	1.574053612	1.580246977	0.0	19924.5
27	Waveform 1	1	1.598350659	1.605020436	0.0	19849.1
27	Spectrogram 1	1	1.598350659	1.605020436	0.0	19849.1
28	Waveform 1	1	1.753661109	1.759378061	226.4	19773.6
28	Spectrogram 1	1	1.753661109	1.759378061	226.4	19773.6
29	Waveform 1	1	1.769859139	1.776528917	0.0	17584.9
29	Spectrogram 1	1	1.769859139	1.776528917	0.0	17584.9
30	Waveform 1	1	1.838462564	1.846561580	0.0	19547.2
30	Spectrogram 1	1	1.838462564	1.846561580	0.0	19547.2
31	Waveform 1	1	1.867047324	1.874193514	0.0	19245.3
31	Spectrogram 1	1	1.867047324	1.874193514	0.0	19245.3
32	Waveform 1	1	1.911353703	1.919929131	0.0	8452.8
32	Spectrogram 1	1	1.911353703	1.919929131	0.0	8452.8
33	Waveform 1	1	1.944702590	1.950419542	0.0	8150.9
33	Spectrogram 1	1	1.944702590	1.950419542	0.0	8150.9
34	Waveform 1	1	1.951848780	1.958994970	0.0	18717.0
34	Spectrogram 1	1	1.951848780	1.958994970	0.0	18717.0
35	Waveform 1	1	1.972810937	1.980433540	0.0	19094.3
35	Spectrogram 1	1	1.972810937	1.980433540	0.0	19094.3
36	Waveform 1	1	2.069046297	2.073810424	0.0	19849.1
36	Spectrogram 1	1	2.069046297	2.073810424	0.0	19849.1
37	Waveform 1	1	2.092866931	2.098107470	0.0	19547.2
37	Spectrogram 1	1	2.092866931	2.098107470	0.0	19547.2
38	Waveform 1	1	2.177191973	2.181003275	1509.4	8754.7
38	Spectrogram 1	1	2.177191973	2.181003275	1509.4	8754.7
39	Waveform 1	1	2.218163463	2.229597367	981.1	5811.3
39	Spectrogram 1	1	2.218163463	2.229597367	981.1	5811.3
40	Waveform 1	1	2.470078640	2.477701243	754.7	17886.8
40	Spectrogram 1	1	2.470078640	2.477701243	754.7	17886.8
41	Waveform 1	1	2.489611560	2.499139813	301.9	19018.9
41	Spectrogram 1	1	2.489611560	2.499139813	301.9	19018.9
42	Waveform 1	1	2.501998289	2.507715241	0.0	19849.1
42	Spectrogram 1	1	2.501998289	2.507715241	0.0	19849.1
43	Waveform 1	1	2.517243494	2.524389685	528.3	19547.2
43	Spectrogram 1	1	2.517243494	2.524389685	528.3	19547.2
44	Waveform 1	1	2.599186474	2.604903426	0.0	19924.5
44	Spectrogram 1	1	2.599186474	2.604903426	0.0	19924.5
45	Waveform 1	1	2.623483520	2.630153298	0.0	19018.9
45	Spectrogram 1	1	2.623483520	2.630153298	0.0	19018.9
46	Waveform 1	1	2.707332150	2.714954753	0.0	19860.6
46	Spectrogram 1	1	2.707332150	2.714954753	0.0	19860.6
47	Waveform 1	1	2.734011260	2.742586688	0.0	19512.2
47	Spectrogram 1	1	2.734011260	2.742586688	0.0	19512.2
48	Waveform 1	1	2.777364813	2.781176114	905.9	8989.5
48	Spectrogram 1	1	2.777364813	2.781176114	905.9	8989.5
49	Waveform 1	1	2.810713700	2.817859890	557.5	6480.8
49	Spectrogram 1	1	2.810713700	2.817859890	557.5	6480.8
50	Waveform 1	1	2.982222262	2.987462801	0.0	18466.9
50	Spectrogram 1	1	2.982222262	2.987462801	0.0	18466.9
51	Waveform 1	1	3.002134623	3.008804400	0.0	19581.9
51	Spectrogram 1	1	3.002134623	3.008804400	0.0	19581.9
52	Waveform 1	1	3.039294811	3.043582525	0.0	12892.0
52	Spectrogram 1	1	3.039294811	3.043582525	0.0	12892.0
53	Waveform 1	1	3.116473664	3.120761378	516.6	19926.2
53	Spectrogram 1	1	3.116473664	3.120761378	516.6	19926.2
54	Waveform 1	1	3.139817885	3.144582012	811.8	19409.6
54	Spectrogram 1	1	3.139817885	3.144582012	811.8	19409.6
55	Waveform 1	1	3.203180770	3.212232611	1623.6	6715.9
55	Spectrogram 1	1	3.203180770	3.212232611	1623.6	6715.9
56	Waveform 1	1	3.246534323	3.253680513	442.8	6568.3
56	Spectrogram 1	1	3.246534323	3.253680513	442.8	6568.3
57	Waveform 1	1	3.479976532	3.484264246	0.0	18966.8
57	Spectrogram 1	1	3.479976532	3.484264246	0.0	18966.8
58	Waveform 1	1	3.499985864	3.506179229	0.0	19483.4
58	Spectrogram 1	1	3.499985864	3.506179229	0.0	19483.4
59	Waveform 1	1	3.526664974	3.535240402	0.0	19631.0
59	Spectrogram 1	1	3.526664974	3.535240402	0.0	19631.0
60	Waveform 1	1	3.555726147	3.564777988	369.0	19040.6
60	Spectrogram 1	1	3.555726147	3.564777988	369.0	19040.6
61	Waveform 1	1	3.597523682	3.603717046	221.4	6715.9
61	Spectrogram 1	1	3.597523682	3.603717046	221.4	6715.9
62	Waveform 1	1	3.639924409	3.645641362	73.8	19704.8
62	Spectrogram 1	1	3.639924409	3.645641362	73.8	19704.8
63	Waveform 1	1	3.625155617	3.628966918	1476.0	18745.4
63	Spectrogram 1	1	3.625155617	3.628966918	1476.0	18745.4
64	Waveform 1	1	3.664221456	3.675655360	0.0	19704.8
64	Spectrogram 1	1	3.664221456	3.675655360	0.0	19704.8
65	Waveform 1	1	3.701858057	3.710433485	0.0	7822.9
65	Spectrogram 1	1	3.701858057	3.710433485	0.0	7822.9
66	Waveform 1	1	3.747593673	3.751404975	0.0	8487.1
66	Spectrogram 1	1	3.747593673	3.751404975	0.0	8487.1
67	Waveform 1	1	3.969601978	3.975318930	0.0	19852.4
67	Spectrogram 1	1	3.969601978	3.975318930	0.0	19852.4
68	Waveform 1	1	3.990564135	3.996757500	0.0	19788.0
68	Spectrogram 1	1	3.990564135	3.996757500	0.0	19788.0
69	Waveform 1	1	4.157301644	4.161589358	0.0	19576.0
69	Spectrogram 1	1	4.157301644	4.161589358	0.0	19576.0
70	Waveform 1	1	4.180645865	4.185409991	0.0	19717.3
70	Spectrogram 1	1	4.180645865	4.185409991	0.0	19717.3
71	Waveform 1	1	4.235909734	4.241150274	0.0	7632.5
71	Spectrogram 1	1	4.235909734	4.241150274	0.0	7632.5
72	Waveform 1	1	4.193032594	4.198273133	0.0	7067.1
72	Spectrogram 1	1	4.193032594	4.198273133	0.0	7067.1
73	Waveform 1	1	4.333574332	4.339291284	0.0	19733.3
73	Spectrogram 1	1	4.333574332	4.339291284	0.0	19733.3
74	Waveform 1	1	4.361206267	4.368352457	0.0	19866.7
74	Spectrogram 1	1	4.361206267	4.368352457	0.0	19866.7
75	Waveform 1	1	4.404559820	4.409323947	0.0	11866.7
75	Spectrogram 1	1	4.404559820	4.409323947	0.0	11866.7
76	Waveform 1	1	4.437908707	4.444102072	0.0	12133.3
76	Spectrogram 1	1	4.437908707	4.444102072	0.0	12133.3
77	Waveform 1	1	4.456488801	4.461252928	0.0	19600.0
77	Spectrogram 1	1	4.456488801	4.461252928	0.0	19600.0
78	Waveform 1	1	4.477450959	4.485073562	0.0	19800.0
78	Spectrogram 1	1	4.477450959	4.485073562	0.0	19800.0
79	Waveform 1	1	4.668249116	4.672536830	0.0	19866.7
79	Spectrogram 1	1	4.668249116	4.672536830	0.0	19866.7
80	Waveform 1	1	4.680159432	4.685876384	0.0	17533.3
80	Spectrogram 1	1	4.680159432	4.685876384	0.0	17533.3
81	Waveform 1	1	4.693022574	4.696833876	0.0	19733.3
81	Spectrogram 1	1	4.693022574	4.696833876	0.0	19733.3
82	Waveform 1	1	4.721607335	4.731135588	1400.0	9600.0
82	Spectrogram 1	1	4.721607335	4.731135588	1400.0	9600.0
83	Waveform 1	1	4.942662814	4.950761830	0.0	19533.3
83	Spectrogram 1	1	4.942662814	4.950761830	0.0	19533.3
84	Waveform 1	1	4.963148559	4.974582463	0.0	19866.7
84	Spectrogram 1	1	4.963148559	4.974582463	0.0	19866.7
85	Waveform 1	1	5.154866114	5.160106654	0.0	19666.7
85	Spectrogram 1	1	5.154866114	5.160106654	0.0	19666.7
86	Waveform 1	1	5.166776431	5.173922621	0.0	19666.7
86	Spectrogram 1	1	5.166776431	5.173922621	0.0	19666.7
87	Waveform 1	1	5.183927287	5.190120652	0.0	19800.0
87	Spectrogram 1	1	5.183927287	5.190120652	0.0	19800.0
88	Waveform 1	1	5.193455541	5.197743255	0.0	19931.7
88	Spectrogram 1	1	5.193455541	5.197743255	0.0	19931.7
89	Waveform 1	1	5.209653572	5.213941286	2662.1	10921.5
89	Spectrogram 1	1	5.209653572	5.213941286	2662.1	10921.5
90	Waveform 1	1	5.226328015	5.232044967	0.0	8805.5
90	Spectrogram 1	1	5.226328015	5.232044967	0.0	8805.5
91	Waveform 1	1	5.260153315	5.267299505	0.0	11126.3
91	Spectrogram 1	1	5.260153315	5.267299505	0.0	11126.3
92	Waveform 1	1	5.425468512	5.431661876	0.0	19795.2
92	Spectrogram 1	1	5.425468512	5.431661876	0.0	19795.2
93	Waveform 1	1	5.445477844	5.452147621	0.0	19795.2
93	Spectrogram 1	1	5.445477844	5.452147621	0.0	19795.2
94	Waveform 1	1	5.646636918	5.654259521	0.0	14880.5
94	Spectrogram 1	1	5.646636918	5.654259521	0.0	14880.5
95	Waveform 1	1	5.663787774	5.669504726	0.0	19931.7
95	Spectrogram 1	1	5.663787774	5.669504726	0.0	19931.7
96	Waveform 1	1	5.688084820	5.697136661	0.0	19180.9
96	Spectrogram 1	1	5.688084820	5.697136661	0.0	19180.9
97	Waveform 1	1	5.828626558	5.839584050	2389.1	12150.2
97	Spectrogram 1	1	5.828626558	5.839584050	2389.1	12150.2
98	Waveform 1	1	5.870074461	5.881984778	3686.0	13037.5
98	Spectrogram 1	1	5.870074461	5.881984778	3686.0	13037.5
99	Waveform 1	1	5.892942269	5.900088459	0.0	19795.2
99	Spectrogram 1	1	5.892942269	5.900088459	0.0	19795.2
100	Waveform 1	1	5.911522363	5.922956267	136.5	19931.7
100	Spectrogram 1	1	5.911522363	5.922956267	136.5	19931.7
101	Waveform 1	1	5.956781567	5.962974932	0.0	19658.7
101	Spectrogram 1	1	5.956781567	5.962974932	0.0	19658.7
102	Waveform 1	1	5.984413502	5.995370993	0.0	19044.4
102	Spectrogram 1	1	5.984413502	5.995370993	0.0	19044.4
103	Waveform 1	1	6.027767055	6.033007594	0.0	11740.6
103	Spectrogram 1	1	6.027767055	6.033007594	0.0	11740.6
104	Waveform 1	1	6.061592355	6.070644195	409.6	12491.5
104	Spectrogram 1	1	6.061592355	6.070644195	409.6	12491.5
105	Waveform 1	1	6.114474161	6.122096764	68.3	13174.1
105	Spectrogram 1	1	6.114474161	6.122096764	68.3	13174.1
106	Waveform 1	1	6.159256952	6.170214444	0.0	9283.3
106	Spectrogram 1	1	6.159256952	6.170214444	0.0	9283.3
107	Waveform 1	1	6.239524368	6.243812082	136.5	19590.4
107	Spectrogram 1	1	6.239524368	6.243812082	136.5	19590.4
108	Waveform 1	1	6.263345001	6.270967604	0.0	16041.0
108	Spectrogram 1	1	6.263345001	6.270967604	0.0	16041.0
109	Waveform 1	1	6.372919916	6.381018931	477.8	19112.6
109	Spectrogram 1	1	6.372919916	6.381018931	477.8	19112.6
110	Waveform 1	1	6.393405660	6.401504676	0.0	18839.6
110	Spectrogram 1	1	6.393405660	6.401504676	0.0	18839.6
111	Waveform 1	1	6.404839565	6.413414993	2593.9	10716.7
111	Spectrogram 1	1	6.404839565	6.413414993	2593.9	10716.7
112	Waveform 1	1	6.445811054	6.463438323	3549.5	12354.9
112	Spectrogram 1	1	6.445811054	6.463438323	3549.5	12354.9
113	Waveform 1	1	6.595404633	6.602550823	0.0	14334.5
113	Spectrogram 1	1	6.595404633	6.602550823	0.0	14334.5
114	Waveform 1	1	6.638758186	6.648286440	546.1	11535.8
114	Spectrogram 1	1	6.638758186	6.648286440	546.1	11535.8
115	Waveform 1	1	6.676871200	6.683540977	477.8	19863.5
115	Spectrogram 1	1	6.676871200	6.683540977	477.8	19863.5
116	Waveform 1	1	6.704979547	6.713554975	0.0	19727.0
116	Spectrogram 1	1	6.704979547	6.713554975	0.0	19727.0
117	Waveform 1	1	6.748809513	6.754050053	819.1	11126.3
117	Spectrogram 1	1	6.748809513	6.754050053	819.1	11126.3
118	Waveform 1	1	6.783111225	6.788828178	0.0	11945.4
118	Spectrogram 1	1	6.783111225	6.788828178	0.0	11945.4
119	Waveform 1	1	6.863883940	6.870077304	614.3	19658.7
119	Spectrogram 1	1	6.863883940	6.870077304	614.3	19658.7
120	Waveform 1	1	6.884369684	6.894374351	0.0	19795.2
120	Spectrogram 1	1	6.884369684	6.894374351	0.0	19795.2
121	Waveform 1	1	6.905331842	6.910095969	0.0	19180.9
121	Spectrogram 1	1	6.905331842	6.910095969	0.0	19180.9
122	Waveform 1	1	6.929152476	6.934869428	1092.2	18430.0
122	Spectrogram 1	1	6.929152476	6.934869428	1092.2	18430.0
123	Waveform 1	1	7.070647039	7.079222467	0.0	11331.1
123	Spectrogram 1	1	7.070647039	7.079222467	0.0	11331.1
124	Waveform 1	1	7.087797895	7.093514847	1228.7	9078.5
124	Spectrogram 1	1	7.087797895	7.093514847	1228.7	9078.5
125	Waveform 1	1	7.112571354	7.121623195	2320.8	10853.2
125	Spectrogram 1	1	7.112571354	7.121623195	2320.8	10853.2
126	Waveform 1	1	7.129722210	7.137344813	1979.5	8054.6
126	Spectrogram 1	1	7.129722210	7.137344813	1979.5	8054.6
127	Waveform 1	1	7.384602989	7.390319941	0.0	19385.7
127	Spectrogram 1	1	7.384602989	7.390319941	0.0	19385.7
128	Waveform 1	1	7.405588030	7.412257807	0.0	19863.5
128	Spectrogram 1	1	7.405588030	7.412257807	0.0	19863.5
129	Waveform 1	1	7.416545521	7.421786060	139.4	19790.9
129	Spectrogram 1	1	7.416545521	7.421786060	139.4	19790.9
130	Waveform 1	1	7.423691711	7.429885076	0.0	19651.6
130	Spectrogram 1	1	7.423691711	7.429885076	0.0	19651.6
131	Waveform 1	1	7.432743552	7.435125615	0.0	10592.3
131	Spectrogram 1	1	7.432743552	7.435125615	0.0	10592.3
132	Waveform 1	1	7.450847233	7.457993423	0.0	19651.6
132	Spectrogram 1	1	7.450847233	7.457993423	0.0	19651.6
133	Waveform 1	1	7.475144280	7.480384819	0.0	18745.6
133	Spectrogram 1	1	7.475144280	7.480384819	0.0	18745.6
134	Waveform 1	1	7.497535675	7.505634690	0.0	18188.2
134	Spectrogram 1	1	7.497535675	7.505634690	0.0	18188.2
135	Waveform 1	1	7.530408149	7.538983577	0.0	7038.3
135	Spectrogram 1	1	7.530408149	7.538983577	0.0	7038.3
136	Waveform 1	1	7.549464656	7.556134434	1045.3	5435.5
136	Spectrogram 1	1	7.549464656	7.556134434	1045.3	5435.5
137	Waveform 1	1	7.579478655	7.588054083	0.0	5853.7
137	Spectrogram 1	1	7.579478655	7.588054083	0.0	5853.7
139	Waveform 1	1	7.608539827	7.613303954	0.0	7108.0
139	Spectrogram 1	1	7.608539827	7.613303954	0.0	7108.0
140	Waveform 1	1	7.641412302	7.649034905	0.0	12055.7
140	Spectrogram 1	1	7.641412302	7.649034905	0.0	12055.7
141	Waveform 1	1	7.681907379	7.690959220	3275.3	10801.4
141	Spectrogram 1	1	7.681907379	7.690959220	3275.3	10801.4
142	Waveform 1	1	7.950390918	7.956584283	0.0	19790.9
142	Spectrogram 1	1	7.950390918	7.956584283	0.0	19790.9
143	Waveform 1	1	7.972305901	7.978499266	0.0	19860.6
143	Spectrogram 1	1	7.972305901	7.978499266	0.0	19860.6
144	Waveform 1	1	8.052819643	8.059489420	0.0	19372.8
144	Spectrogram 1	1	8.052819643	8.059489420	0.0	19372.8
145	Waveform 1	1	8.076640276	8.081404403	0.0	16027.9
145	Spectrogram 1	1	8.076640276	8.081404403	0.0	16027.9
146	Waveform 1	1	8.177163350	8.179545413	0.0	8432.1
146	Spectrogram 1	1	8.177163350	8.179545413	0.0	8432.1
147	Waveform 1	1	8.220040490	8.226233855	0.0	19790.9
147	Spectrogram 1	1	8.220040490	8.226233855	0.0	19790.9
148	Waveform 1	1	8.231950807	8.237667759	418.1	19930.3
148	Spectrogram 1	1	8.231950807	8.237667759	418.1	19930.3
149	Waveform 1	1	8.248148838	8.253389377	0.0	19721.3
149	Spectrogram 1	1	8.248148838	8.253389377	0.0	19721.3
150	Waveform 1	1	8.293408042	8.301507057	0.0	9268.3
150	Spectrogram 1	1	8.293408042	8.301507057	0.0	9268.3
151	Waveform 1	1	8.329964729	8.335681681	0.0	7456.4
151	Spectrogram 1	1	8.329964729	8.335681681	0.0	7456.4
152	Waveform 1	1	8.396186090	8.404285106	487.8	4738.7
152	Spectrogram 1	1	8.396186090	8.404285106	487.8	4738.7
153	Waveform 1	1	8.363790029	8.372841870	696.9	3414.6
153	Spectrogram 1	1	8.363790029	8.372841870	696.9	3414.6
154	Waveform 1	1	8.507666656	8.510525132	0.0	19512.2
154	Spectrogram 1	1	8.507666656	8.510525132	0.0	19512.2
155	Waveform 1	1	8.527675988	8.538157067	0.0	19790.9
155	Spectrogram 1	1	8.527675988	8.538157067	0.0	19790.9
156	Waveform 1	1	8.600090714	8.603902015	0.0	19581.9
156	Spectrogram 1	1	8.600090714	8.603902015	0.0	19581.9
157	Waveform 1	1	8.624864173	8.631533950	0.0	19303.1
157	Spectrogram 1	1	8.624864173	8.631533950	0.0	19303.1
158	Waveform 1	1	8.729521988	8.735238940	975.6	7038.3
158	Spectrogram 1	1	8.729521988	8.735238940	975.6	7038.3
159	Waveform 1	1	8.768111414	8.779545318	975.6	12682.9
159	Spectrogram 1	1	8.768111414	8.779545318	975.6	12682.9
160	Waveform 1	1	8.792884873	8.797649000	766.6	12613.2
160	Spectrogram 1	1	8.792884873	8.797649000	766.6	12613.2
161	Waveform 1	1	8.848148743	8.855294933	0.0	19651.6
161	Spectrogram 1	1	8.848148743	8.855294933	0.0	19651.6
162	Waveform 1	1	8.864823186	8.870063726	0.0	19581.9
162	Spectrogram 1	1	8.864823186	8.870063726	0.0	19581.9
163	Waveform 1	1	8.979162228	8.986784830	418.1	18397.2
163	Spectrogram 1	1	8.979162228	8.986784830	418.1	18397.2
164	Waveform 1	1	9.008223401	9.020610130	696.9	17421.6
164	Spectrogram 1	1	9.008223401	9.020610130	696.9	17421.6
165	Waveform 1	1	9.036331748	9.040619462	0.0	19233.4
165	Spectrogram 1	1	9.036331748	9.040619462	0.0	19233.4
166	Waveform 1	1	9.050624128	9.054911842	0.0	9477.4
166	Spectrogram 1	1	9.050624128	9.054911842	0.0	9477.4
167	Waveform 1	1	9.057770318	9.066345746	0.0	19094.1
167	Spectrogram 1	1	9.057770318	9.066345746	0.0	19094.1
168	Waveform 1	1	9.086831491	9.089689967	0.0	8223.0
168	Spectrogram 1	1	9.086831491	9.089689967	0.0	8223.0
169	Waveform 1	1	9.153529265	9.158769805	0.0	19512.2
169	Spectrogram 1	1	9.153529265	9.158769805	0.0	19512.2
170	Waveform 1	1	9.178779137	9.184972502	0.0	19442.5
170	Spectrogram 1	1	9.178779137	9.184972502	0.0	19442.5
171	Waveform 1	1	9.258362936	9.264556300	2439.0	7108.0
171	Spectrogram 1	1	9.258362936	9.264556300	2439.0	7108.0
172	Waveform 1	1	9.306004203	9.311244742	0.0	19721.3
172	Spectrogram 1	1	9.306004203	9.311244742	0.0	19721.3
173	Waveform 1	1	9.320296583	9.326489948	0.0	17839.7
173	Spectrogram 1	1	9.320296583	9.326489948	0.0	17839.7
174	Waveform 1	1	9.422248895	9.427489434	0.0	18745.6
174	Spectrogram 1	1	9.422248895	9.427489434	0.0	18745.6
175	Waveform 1	1	9.440352576	9.447975179	0.0	18745.6
175	Spectrogram 1	1	9.440352576	9.447975179	0.0	18745.6
176	Waveform 1	1	9.545163364	9.551833141	0.0	19581.9
176	Spectrogram 1	1	9.545163364	9.551833141	0.0	19581.9
177	Waveform 1	1	9.566125521	9.572318886	0.0	19303.1
177	Spectrogram 1	1	9.566125521	9.572318886	0.0	19303.1
178	Waveform 1	1	9.624247867	9.631870470	0.0	18048.8
178	Spectrogram 1	1	9.624247867	9.631870470	0.0	18048.8
179	Waveform 1	1	9.651879802	9.658549580	0.0	18606.3
179	Spectrogram 1	1	9.651879802	9.658549580	0.0	18606.3
180	Waveform 1	1	9.665695770	9.670459896	0.0	19233.4
180	Spectrogram 1	1	9.665695770	9.670459896	0.0	19233.4
181	Waveform 1	1	9.690469229	9.700950307	0.0	16724.7
181	Spectrogram 1	1	9.690469229	9.700950307	0.0	16724.7
182	Waveform 1	1	9.731880395	9.735691696	2090.6	9128.9
182	Spectrogram 1	1	9.731880395	9.735691696	2090.6	9128.9
183	Waveform 1	1	9.766658520	9.775233948	557.5	8850.2
183	Spectrogram 1	1	9.766658520	9.775233948	557.5	8850.2
184	Waveform 1	1	9.806200771	9.811441311	0.0	19860.6
184	Spectrogram 1	1	9.806200771	9.811441311	0.0	19860.6
185	Waveform 1	1	9.820969564	9.826686516	0.0	19721.3
185	Spectrogram 1	1	9.820969564	9.826686516	0.0	19721.3
186	Waveform 1	1	9.939596319	9.946742509	1393.7	10801.4
186	Spectrogram 1	1	9.939596319	9.946742509	1393.7	10801.4
187	Waveform 1	1	9.971992381	9.979614984	2020.9	10034.8
187	Spectrogram 1	1	9.971992381	9.979614984	2020.9	10034.8
188	Waveform 1	1	10.067274915	10.074421105	0.0	19372.8
188	Spectrogram 1	1	10.067274915	10.074421105	0.0	19372.8
189	Waveform 1	1	10.086807835	10.096812501	0.0	19163.8
189	Spectrogram 1	1	10.086807835	10.096812501	0.0	19163.8
190	Waveform 1	1	10.120156722	10.126350086	0.0	14982.6
190	Spectrogram 1	1	10.120156722	10.126350086	0.0	14982.6
191	Waveform 1	1	10.136831165	10.143500943	0.0	15540.1
191	Spectrogram 1	1	10.136831165	10.143500943	0.0	15540.1
192	Waveform 1	1	10.150170720	10.154934847	0.0	19581.9
192	Spectrogram 1	1	10.150170720	10.154934847	0.0	19581.9
193	Waveform 1	1	10.172562116	10.178279068	0.0	19372.8
193	Spectrogram 1	1	10.172562116	10.178279068	0.0	19372.8
194	Waveform 1	1	10.248311730	10.253075857	0.0	19651.6
194	Spectrogram 1	1	10.248311730	10.253075857	0.0	19651.6
195	Waveform 1	1	10.275847310	10.280135024	0.0	18815.3
195	Spectrogram 1	1	10.275847310	10.280135024	0.0	18815.3
196	Waveform 1	1	10.291092516	10.297285880	0.0	7944.3
196	Spectrogram 1	1	10.291092516	10.297285880	0.0	7944.3
197	Waveform 1	1	10.335398894	10.340163021	0.0	19860.6
197	Spectrogram 1	1	10.335398894	10.340163021	0.0	19860.6
198	Waveform 1	1	10.350644100	10.356361052	0.0	19651.6
198	Spectrogram 1	1	10.350644100	10.356361052	0.0	19651.6
199	Waveform 1	1	10.436398380	10.443544570	0.0	7038.3
199	Spectrogram 1	1	10.436398380	10.443544570	0.0	7038.3
200	Waveform 1	1	10.464983141	10.475940632	0.0	8153.3
200	Spectrogram 1	1	10.464983141	10.475940632	0.0	8153.3
201	Waveform 1	1	10.499284853	10.504525392	1045.3	8153.3
201	Spectrogram 1	1	10.499284853	10.504525392	1045.3	8153.3
202	Waveform 1	1	10.587897610	10.593614562	0.0	19581.9
202	Spectrogram 1	1	10.587897610	10.593614562	0.0	19581.9
203	Waveform 1	1	10.607430529	10.615053132	0.0	19651.6
203	Spectrogram 1	1	10.607430529	10.615053132	0.0	19651.6
204	Waveform 1	1	10.620770084	10.626010623	0.0	19715.3
204	Spectrogram 1	1	10.620770084	10.626010623	0.0	19715.3
205	Waveform 1	1	10.646019956	10.651736908	0.0	19359.4
205	Spectrogram 1	1	10.646019956	10.651736908	0.0	19359.4
206	Waveform 1	1	10.677939605	10.684132969	0.0	18149.5
206	Spectrogram 1	1	10.677939605	10.684132969	0.0	18149.5
207	Waveform 1	1	10.694614048	10.702236651	0.0	16868.3
207	Spectrogram 1	1	10.694614048	10.702236651	0.0	16868.3
208	Waveform 1	1	10.809429502	10.817528517	2277.6	9039.1
208	Spectrogram 1	1	10.809429502	10.817528517	2277.6	9039.1
209	Waveform 1	1	10.854144824	10.862720252	2348.8	10177.9
209	Spectrogram 1	1	10.854144824	10.862720252	2348.8	10177.9
210	Waveform 1	1	10.892734250	10.897498377	71.2	19644.1
210	Spectrogram 1	1	10.892734250	10.897498377	71.2	19644.1
211	Waveform 1	1	10.907979456	10.914172820	0.0	19715.3
211	Spectrogram 1	1	10.907979456	10.914172820	0.0	19715.3
212	Waveform 1	1	10.939899105	10.945139644	0.0	19573.0
212	Spectrogram 1	1	10.939899105	10.945139644	0.0	19573.0
213	Waveform 1	1	10.967531040	10.973247992	0.0	19857.7
213	Spectrogram 1	1	10.967531040	10.973247992	0.0	19857.7
214	Waveform 1	1	11.011837418	11.015648719	925.3	8042.7
214	Spectrogram 1	1	11.011837418	11.015648719	925.3	8042.7
215	Waveform 1	1	11.028035449	11.034705226	0.0	9822.1
215	Spectrogram 1	1	11.028035449	11.034705226	0.0	9822.1
216	Waveform 1	1	11.045186305	11.049950432	213.5	8612.1
216	Spectrogram 1	1	11.045186305	11.049950432	213.5	8612.1
217	Waveform 1	1	11.097115286	11.102832238	0.0	19857.7
217	Spectrogram 1	1	11.097115286	11.102832238	0.0	19857.7
218	Waveform 1	1	11.117124618	11.125223634	0.0	19501.8
218	Spectrogram 1	1	11.117124618	11.125223634	0.0	19501.8
219	Waveform 1	1	11.220982581	11.226223120	0.0	19359.4
219	Spectrogram 1	1	11.220982581	11.226223120	0.0	19359.4
220	Waveform 1	1	11.240991913	11.247185278	0.0	17508.9
220	Spectrogram 1	1	11.240991913	11.247185278	0.0	17508.9
221	Waveform 1	1	11.320076416	11.327699019	2491.1	8968.0
221	Spectrogram 1	1	11.320076416	11.327699019	2491.1	8968.0
222	Waveform 1	1	11.363429969	11.370576159	427.0	9323.8
222	Spectrogram 1	1	11.363429969	11.370576159	427.0	9323.8
223	Waveform 1	1	11.403798574	11.410468351	0.0	19715.3
223	Spectrogram 1	1	11.403798574	11.410468351	0.0	19715.3
224	Waveform 1	1	11.419996605	11.426666382	284.7	16939.5
224	Spectrogram 1	1	11.419996605	11.426666382	284.7	16939.5
225	Waveform 1	1	11.541958249	11.545769550	498.2	9679.7
225	Spectrogram 1	1	11.541958249	11.545769550	498.2	9679.7
226	Waveform 1	1	11.606750372	11.611990911	0.0	19644.1
226	Spectrogram 1	1	11.606750372	11.611990911	0.0	19644.1
227	Waveform 1	1	11.621995577	11.626759704	0.0	19870.1
227	Spectrogram 1	1	11.621995577	11.626759704	0.0	19870.1
228	Waveform 1	1	11.629618180	11.635335132	779.2	19090.9
228	Spectrogram 1	1	11.629618180	11.635335132	779.2	19090.9
229	Waveform 1	1	11.643434148	11.651533163	194.8	19805.2
229	Spectrogram 1	1	11.643434148	11.651533163	194.8	19805.2
230	Waveform 1	1	11.714419636	11.721565826	0.0	19350.6
230	Spectrogram 1	1	11.714419636	11.721565826	0.0	19350.6
231	Waveform 1	1	11.743004396	11.748244935	0.0	19610.4
231	Spectrogram 1	1	11.743004396	11.748244935	0.0	19610.4
232	Waveform 1	1	11.786834362	11.792551314	584.4	6883.1
232	Spectrogram 1	1	11.786834362	11.792551314	584.4	6883.1
233	Waveform 1	1	11.803985218	11.810654995	0.0	15064.9
233	Spectrogram 1	1	11.803985218	11.810654995	0.0	15064.9
234	Waveform 1	1	11.823041725	11.828282264	0.0	15974.0
234	Spectrogram 1	1	11.823041725	11.828282264	0.0	15974.0
235	Waveform 1	1	11.844003882	11.852579310	3311.7	10714.3
235	Spectrogram 1	1	11.844003882	11.852579310	3311.7	10714.3
236	Waveform 1	1	11.890692324	11.894980038	4026.0	9610.4
236	Spectrogram 1	1	11.890692324	11.894980038	4026.0	9610.4
237	Waveform 1	1	11.896409276	11.902126228	0.0	19545.5
237	Spectrogram 1	1	11.896409276	11.902126228	0.0	19545.5
238	Waveform 1	1	11.912607307	11.917371434	0.0	19675.3
238	Spectrogram 1	1	11.912607307	11.917371434	0.0	19675.3
239	Waveform 1	1	12.032595831	12.038789196	2013.0	11623.4
239	Spectrogram 1	1	12.032595831	12.038789196	2013.0	11623.4
240	Waveform 1	1	12.063562655	12.070232432	2597.4	10974.0
240	Spectrogram 1	1	12.063562655	12.070232432	2597.4	10974.0
241	Waveform 1	1	12.126925540	12.134071730	0.0	19805.2
241	Spectrogram 1	1	12.126925540	12.134071730	0.0	19805.2
242	Waveform 1	1	12.149793348	12.157415951	844.2	19740.3
242	Spectrogram 1	1	12.149793348	12.157415951	844.2	19740.3
243	Waveform 1	1	12.170279093	12.178854521	389.6	19675.3
243	Spectrogram 1	1	12.170279093	12.178854521	389.6	19675.3
244	Waveform 1	1	12.370848827	12.378947843	129.9	19415.6
244	Spectrogram 1	1	12.370848827	12.378947843	129.9	19415.6
245	Waveform 1	1	12.386570446	12.392763810	0.0	17402.6
245	Spectrogram 1	1	12.386570446	12.392763810	0.0	17402.6
246	Waveform 1	1	12.415631619	12.422301396	1818.2	15909.1
246	Spectrogram 1	1	12.415631619	12.422301396	1818.2	15909.1
247	Waveform 1	1	12.483282218	12.490904821	0.0	17987.0
247	Spectrogram 1	1	12.483282218	12.490904821	0.0	17987.0
248	Waveform 1	1	12.502815137	12.516631105	0.0	18311.7
248	Spectrogram 1	1	12.502815137	12.516631105	0.0	18311.7
249	Waveform 1	1	12.539848853	12.543660155	1428.6	11558.4
249	Spectrogram 1	1	12.539848853	12.543660155	1428.6	11558.4
250	Waveform 1	1	12.589872184	12.595589136	0.0	10064.9
250	Spectrogram 1	1	12.589872184	12.595589136	0.0	10064.9
251	Waveform 1	1	12.633702150	12.638942689	0.0	19155.8
251	Spectrogram 1	1	12.633702150	12.638942689	0.0	19155.8
252	Waveform 1	1	12.642753990	12.647994530	779.2	19415.6
252	Spectrogram 1	1	12.642753990	12.647994530	779.2	19415.6
253	Waveform 1	1	12.658475608	12.668480275	0.0	19805.2
253	Spectrogram 1	1	12.658475608	12.668480275	0.0	19805.2
254	Waveform 1	1	12.863809470	12.872384898	2337.7	11623.4
254	Spectrogram 1	1	12.863809470	12.872384898	2337.7	11623.4
255	Waveform 1	1	12.909068674	12.920502578	2077.9	13246.8
255	Spectrogram 1	1	12.909068674	12.920502578	2077.9	13246.8
256	Waveform 1	1	13.123923554	13.138215934	714.3	19675.3
256	Spectrogram 1	1	13.123923554	13.138215934	714.3	19675.3
257	Waveform 1	1	13.145362124	13.157748853	129.9	19675.3
257	Spectrogram 1	1	13.145362124	13.157748853	129.9	19675.3
258	Waveform 1	1	13.180140249	13.185380788	0.0	18701.3
258	Spectrogram 1	1	13.180140249	13.185380788	0.0	18701.3
259	Waveform 1	1	13.224923040	13.231116405	0.0	6558.4
259	Spectrogram 1	1	13.224923040	13.231116405	0.0	6558.4
260	Waveform 1	1	13.259701165	13.264941704	649.4	6233.8
260	Spectrogram 1	1	13.259701165	13.264941704	649.4	6233.8
261	Waveform 1	1	13.268276593	13.275899196	779.2	7727.3
261	Spectrogram 1	1	13.268276593	13.275899196	779.2	7727.3
262	Waveform 1	1	13.299719829	13.308295257	0.0	7013.0
262	Spectrogram 1	1	13.299719829	13.308295257	0.0	7013.0
263	Waveform 1	1	13.345455446	13.356889350	2532.5	9675.3
263	Spectrogram 1	1	13.345455446	13.356889350	2532.5	9675.3
264	Waveform 1	1	13.388808999	13.401195728	3311.7	10389.6
264	Spectrogram 1	1	13.388808999	13.401195728	3311.7	10389.6
265	Waveform 1	1	13.591284384	13.599859812	0.0	19675.3
265	Spectrogram 1	1	13.591284384	13.599859812	0.0	19675.3
266	Waveform 1	1	13.611256980	13.621738059	0.0	19610.4
266	Spectrogram 1	1	13.611256980	13.621738059	0.0	19610.4
267	Waveform 1	1	13.647940756	13.653657708	0.0	19155.8
267	Spectrogram 1	1	13.647940756	13.653657708	0.0	19155.8
268	Waveform 1	1	13.672237802	13.676049103	194.8	19220.8
268	Spectrogram 1	1	13.672237802	13.676049103	194.8	19220.8
269	Waveform 1	1	13.739888401	13.746081766	0.0	15844.2
269	Spectrogram 1	1	13.739888401	13.746081766	0.0	15844.2
270	Waveform 1	1	13.759897734	13.765138273	0.0	19545.5
270	Spectrogram 1	1	13.759897734	13.765138273	0.0	19545.5
271	Waveform 1	1	13.788006081	13.795628684	0.0	19480.5
271	Spectrogram 1	1	13.788006081	13.795628684	0.0	19480.5
272	Waveform 1	1	13.815161603	13.823260619	2532.5	9935.1
272	Spectrogram 1	1	13.815161603	13.823260619	2532.5	9935.1
273	Waveform 1	1	13.860420807	13.873760362	1753.2	8181.8
273	Spectrogram 1	1	13.860420807	13.873760362	1753.2	8181.8
274	Waveform 1	1	13.916161090	13.921878042	0.0	19610.4
274	Spectrogram 1	1	13.916161090	13.921878042	0.0	19610.4
275	Waveform 1	1	13.932359121	13.936646835	0.0	18181.8
275	Spectrogram 1	1	13.932359121	13.936646835	0.0	18181.8
276	Waveform 1	1	14.090731098	14.097400876	0.0	19675.3
276	Spectrogram 1	1	14.090731098	14.097400876	0.0	19675.3
277	Waveform 1	1	14.112169669	14.120745097	0.0	19675.3
277	Spectrogram 1	1	14.112169669	14.120745097	0.0	19675.3
278	Waveform 1	1	14.152664746	14.158858110	0.0	19350.6
278	Spectrogram 1	1	14.152664746	14.158858110	0.0	19350.6
279	Waveform 1	1	14.177438205	14.183155157	0.0	19740.3
279	Spectrogram 1	1	14.177438205	14.183155157	0.0	19740.3
280	Waveform 1	1	14.316074292	14.324173307	0.0	17857.1
280	Spectrogram 1	1	14.316074292	14.324173307	0.0	17857.1
281	Waveform 1	1	14.336083624	14.344182639	0.0	16493.5
281	Spectrogram 1	1	14.336083624	14.344182639	0.0	16493.5
282	Waveform 1	1	14.366097622	14.370385336	0.0	19740.3
282	Spectrogram 1	1	14.366097622	14.370385336	0.0	19740.3
283	Waveform 1	1	14.393253145	14.398970097	0.0	19610.4
283	Spectrogram 1	1	14.393253145	14.398970097	0.0	19610.4
284	Waveform 1	1	14.421361492	14.424696381	0.0	17402.6
284	Spectrogram 1	1	14.421361492	14.424696381	0.0	17402.6
285	Waveform 1	1	14.436130285	14.442800062	0.0	16493.5
285	Spectrogram 1	1	14.436130285	14.442800062	0.0	16493.5
286	Waveform 1	1	14.473766886	14.479007425	0.0	11753.2
286	Spectrogram 1	1	14.473766886	14.479007425	0.0	11753.2
287	Waveform 1	1	14.558502104	14.567553944	1363.6	9026.0
287	Spectrogram 1	1	14.558502104	14.567553944	1363.6	9026.0
288	Waveform 1	1	14.582799150	14.587563277	0.0	19350.6
288	Spectrogram 1	1	14.582799150	14.587563277	0.0	19350.6
289	Waveform 1	1	14.603284895	14.610431085	0.0	19415.6
289	Spectrogram 1	1	14.603284895	14.610431085	0.0	19415.6
290	Waveform 1	1	14.665218542	14.669506256	519.5	19740.3
290	Spectrogram 1	1	14.665218542	14.669506256	519.5	19740.3
291	Waveform 1	1	14.688562763	14.694756128	0.0	19610.4
291	Spectrogram 1	1	14.688562763	14.694756128	0.0	19610.4
292	Waveform 1	1	14.804863456	14.812486059	0.0	7207.8
292	Spectrogram 1	1	14.804863456	14.812486059	0.0	7207.8
293	Waveform 1	1	14.850599073	14.856792438	0.0	16948.1
293	Spectrogram 1	1	14.850599073	14.856792438	0.0	16948.1
294	Waveform 1	1	14.870131992	14.875372532	0.0	17142.9
294	Spectrogram 1	1	14.870131992	14.875372532	0.0	17142.9
295	Waveform 1	1	14.887282849	14.893952626	0.0	17727.3
295	Spectrogram 1	1	14.887282849	14.893952626	0.0	17727.3
296	Waveform 1	1	14.903480879	14.909197831	0.0	17402.6
296	Spectrogram 1	1	14.903480879	14.909197831	0.0	17402.6
297	Waveform 1	1	15.028300999	15.034970777	0.0	19415.6
297	Spectrogram 1	1	15.028300999	15.034970777	0.0	19415.6
298	Waveform 1	1	15.057362172	15.064508362	0.0	19415.6
298	Spectrogram 1	1	15.057362172	15.064508362	0.0	19415.6
299	Waveform 1	1	15.109767566	15.114055280	0.0	18896.1
299	Spectrogram 1	1	15.109767566	15.114055280	0.0	18896.1
300	Waveform 1	1	15.130729724	15.141210802	0.0	16818.2
300	Spectrogram 1	1	15.130729724	15.141210802	0.0	16818.2
301	Waveform 1	1	15.205050100	15.209337814	0.0	19026.0
301	Spectrogram 1	1	15.205050100	15.209337814	0.0	19026.0
302	Waveform 1	1	15.228394321	15.233634861	0.0	18701.3
302	Spectrogram 1	1	15.228394321	15.233634861	0.0	18701.3
303	Waveform 1	1	15.351867705	15.355202593	0.0	16753.2
303	Spectrogram 1	1	15.351867705	15.355202593	0.0	16753.2
304	Waveform 1	1	15.369971386	15.376164751	0.0	17402.6
304	Spectrogram 1	1	15.369971386	15.376164751	0.0	17402.6
305	Waveform 1	1	15.396650496	15.399985385	259.7	19675.3
305	Spectrogram 1	1	15.396650496	15.399985385	259.7	19675.3
306	Waveform 1	1	15.411419289	15.415707003	0.0	19805.2
306	Spectrogram 1	1	15.411419289	15.415707003	0.0	19805.2
307	Waveform 1	1	15.533857345	15.539097885	2597.4	11883.1
307	Spectrogram 1	1	15.533857345	15.539097885	2597.4	11883.1
308	Waveform 1	1	15.565300581	15.569111883	714.3	10779.2
308	Spectrogram 1	1	15.565300581	15.569111883	714.3	10779.2
309	Waveform 1	1	15.670587782	15.676304734	0.0	19545.5
309	Spectrogram 1	1	15.670587782	15.676304734	0.0	19545.5
310	Waveform 1	1	15.692502765	15.701078193	0.0	19740.3
310	Spectrogram 1	1	15.692502765	15.701078193	0.0	19740.3
311	Waveform 1	1	15.761106189	15.765393903	0.0	19675.3
311	Spectrogram 1	1	15.761106189	15.765393903	0.0	19675.3
312	Waveform 1	1	15.784926823	15.790167362	0.0	19675.3
312	Spectrogram 1	1	15.784926823	15.790167362	0.0	19675.3
313	Waveform 1	1	15.830566700	15.835807239	0.0	19285.7
313	Spectrogram 1	1	15.830566700	15.835807239	0.0	19285.7
314	Waveform 1	1	15.849623207	15.855816571	0.0	18636.4
314	Spectrogram 1	1	15.849623207	15.855816571	0.0	18636.4
315	Waveform 1	1	15.897740886	15.902505013	0.0	19545.5
315	Spectrogram 1	1	15.897740886	15.902505013	0.0	19545.5
316	Waveform 1	1	15.923943583	15.932519011	0.0	19610.4
316	Spectrogram 1	1	15.923943583	15.932519011	0.0	19610.4
317	Waveform 1	1	15.944905741	15.949193455	0.0	19350.6
317	Spectrogram 1	1	15.944905741	15.949193455	0.0	19350.6
318	Waveform 1	1	15.959674534	15.966820724	0.0	19610.4
318	Spectrogram 1	1	15.959674534	15.966820724	0.0	19610.4
319	Waveform 1	1	15.973014089	15.976348977	324.7	6233.8
319	Spectrogram 1	1	15.973014089	15.976348977	324.7	6233.8
320	Waveform 1	1	16.206456297	16.212173249	0.0	19675.3
320	Spectrogram 1	1	16.206456297	16.212173249	0.0	19675.3
321	Waveform 1	1	16.227418455	16.234564645	0.0	19350.6
321	Spectrogram 1	1	16.227418455	16.234564645	0.0	19350.6
322	Waveform 1	1	16.295069054	16.301738832	584.4	13961.0
322	Spectrogram 1	1	16.295069054	16.301738832	584.4	13961.0
323	Waveform 1	1	16.313172736	16.317460450	909.1	16818.2
323	Spectrogram 1	1	16.313172736	16.317460450	909.1	16818.2
324	Waveform 1	1	16.482051061	16.488244426	0.0	17857.1
324	Spectrogram 1	1	16.482051061	16.488244426	0.0	17857.1
325	Waveform 1	1	16.498725505	16.502536806	0.0	18181.8
325	Spectrogram 1	1	16.498725505	16.502536806	0.0	18181.8
326	Waveform 1	1	16.722163047	16.730262063	0.0	18506.5
326	Spectrogram 1	1	16.722163047	16.730262063	0.0	18506.5
327	Waveform 1	1	16.745507268	16.761228886	0.0	19155.8
327	Spectrogram 1	1	16.745507268	16.761228886	0.0	19155.8
328	Waveform 1	1	16.775997679	16.780285393	1233.8	14610.4
328	Spectrogram 1	1	16.775997679	16.780285393	1233.8	14610.4
329	Waveform 1	1	16.830308724	16.835549263	779.2	7467.5
329	Spectrogram 1	1	16.830308724	16.835549263	779.2	7467.5
330	Waveform 1	1	16.948459066	16.955128844	0.0	6493.5
330	Spectrogram 1	1	16.948459066	16.955128844	0.0	6493.5
331	Waveform 1	1	16.987524905	16.995623921	0.0	19220.8
331	Spectrogram 1	1	16.987524905	16.995623921	0.0	19220.8
332	Waveform 1	1	17.003836171	17.010029535	0.0	18961.0
332	Spectrogram 1	1	17.003836171	17.010029535	0.0	18961.0
333	Waveform 1	1	17.204882318	17.209646445	0.0	19415.6
333	Spectrogram 1	1	17.204882318	17.209646445	0.0	19415.6
334	Waveform 1	1	17.226797301	17.234896316	0.0	19350.6
334	Spectrogram 1	1	17.226797301	17.234896316	0.0	19350.6
335	Waveform 1	1	17.249665109	17.253476410	0.0	16688.3
335	Spectrogram 1	1	17.249665109	17.253476410	0.0	16688.3
336	Waveform 1	1	17.306358217	17.313027994	0.0	18311.7
336	Spectrogram 1	1	17.306358217	17.313027994	0.0	18311.7
337	Waveform 1	1	17.334466565	17.338754279	0.0	16818.2
337	Spectrogram 1	1	17.334466565	17.338754279	0.0	16818.2
338	Waveform 1	1	17.382250568	17.387014695	259.7	4285.7
338	Spectrogram 1	1	17.382250568	17.387014695	259.7	4285.7
339	Waveform 1	1	17.418457931	17.426556946	0.0	5454.5
339	Spectrogram 1	1	17.418457931	17.426556946	0.0	5454.5
340	Waveform 1	1	17.470863325	17.477533102	0.0	18831.2
340	Spectrogram 1	1	17.470863325	17.477533102	0.0	18831.2
341	Waveform 1	1	17.485155705	17.492301895	584.4	19610.4
341	Spectrogram 1	1	17.485155705	17.492301895	584.4	19610.4
342	Waveform 1	1	17.688107503	17.692871630	0.0	16948.1
342	Spectrogram 1	1	17.688107503	17.692871630	0.0	16948.1
343	Waveform 1	1	17.709069661	17.714786613	844.2	19415.6
343	Spectrogram 1	1	17.709069661	17.714786613	844.2	19415.6
344	Waveform 1	1	17.730031818	17.740036484	0.0	19350.6
344	Spectrogram 1	1	17.730031818	17.740036484	0.0	19350.6
345	Waveform 1	1	17.846896890	17.851184604	259.7	19220.8
345	Spectrogram 1	1	17.846896890	17.851184604	259.7	19220.8
346	Waveform 1	1	17.874052412	17.878340126	0.0	17857.1
346	Spectrogram 1	1	17.874052412	17.878340126	0.0	17857.1
347	Waveform 1	1	17.938844536	17.945037900	129.9	18571.4
347	Spectrogram 1	1	17.938844536	17.945037900	129.9	18571.4
348	Waveform 1	1	17.954089741	17.960283106	0.0	19350.6
348	Spectrogram 1	1	17.954089741	17.960283106	0.0	19350.6
349	Waveform 1	1	17.974099073	17.982674501	1428.6	7013.0
349	Spectrogram 1	1	17.974099073	17.982674501	1428.6	7013.0
350	Waveform 1	1	18.078909861	18.086532464	3376.6	8376.6
350	Spectrogram 1	1	18.078909861	18.086532464	3376.6	8376.6
351	Waveform 1	1	18.108447447	18.118928525	2857.1	8831.2
351	Spectrogram 1	1	18.108447447	18.118928525	2857.1	8831.2
352	Waveform 1	1	18.131315255	18.137985032	0.0	16039.0
352	Spectrogram 1	1	18.131315255	18.137985032	0.0	16039.0
353	Waveform 1	1	18.149895349	18.156088714	0.0	15389.6
353	Spectrogram 1	1	18.149895349	18.156088714	0.0	15389.6
354	Waveform 1	1	18.200395092	18.206588457	0.0	19740.3
354	Spectrogram 1	1	18.200395092	18.206588457	0.0	19740.3
355	Waveform 1	1	18.221357250	18.232791154	0.0	19545.5
355	Spectrogram 1	1	18.221357250	18.232791154	0.0	19545.5
356	Waveform 1	1	18.436242863	18.441959815	0.0	18571.4
356	Spectrogram 1	1	18.436242863	18.441959815	0.0	18571.4
357	Waveform 1	1	18.463398385	18.473403051	64.9	18116.9
357	Spectrogram 1	1	18.463398385	18.473403051	64.9	18116.9
358	Waveform 1	1	18.566779935	18.571067649	0.0	17467.5
358	Spectrogram 1	1	18.566779935	18.571067649	0.0	17467.5
359	Waveform 1	1	18.583930791	18.591076981	0.0	16753.2
359	Spectrogram 1	1	18.583930791	18.591076981	0.0	16753.2
360	Waveform 1	1	18.701128308	18.708274498	0.0	19545.5
360	Spectrogram 1	1	18.701128308	18.708274498	0.0	19545.5
361	Waveform 1	1	18.722566878	18.730189481	0.0	19026.0
361	Spectrogram 1	1	18.722566878	18.730189481	0.0	19026.0
362	Waveform 1	1	18.865542448	18.873641464	1558.4	7532.5
362	Spectrogram 1	1	18.865542448	18.873641464	1558.4	7532.5
363	Waveform 1	1	18.896985685	18.905561113	1688.3	8441.6
363	Spectrogram 1	1	18.896985685	18.905561113	1688.3	8441.6
364	Waveform 1	1	18.926046858	18.932716635	909.1	10584.4
364	Spectrogram 1	1	18.926046858	18.932716635	909.1	10584.4
365	Waveform 1	1	18.967494760	18.978928664	2792.2	8961.0
365	Spectrogram 1	1	18.967494760	18.978928664	2792.2	8961.0
366	Waveform 1	1	19.002272885	19.006084186	0.0	18831.2
366	Spectrogram 1	1	19.002272885	19.006084186	0.0	18831.2
367	Waveform 1	1	19.019423741	19.027046344	1103.9	14350.6
367	Spectrogram 1	1	19.019423741	19.027046344	1103.9	14350.6
368	Waveform 1	1	19.038003835	19.041815137	0.0	19350.6
368	Spectrogram 1	1	19.038003835	19.041815137	0.0	19350.6
369	Waveform 1	1	19.064206532	19.069447072	389.6	19610.4
369	Spectrogram 1	1	19.064206532	19.069447072	389.6	19610.4
370	Waveform 1	1	19.113753450	19.119946815	909.1	6753.2
370	Spectrogram 1	1	19.113753450	19.119946815	909.1	6753.2
371	Waveform 1	1	19.148055163	19.155201353	0.0	8961.0
371	Spectrogram 1	1	19.148055163	19.155201353	0.0	8961.0
372	Waveform 1	1	19.195696430	19.201413382	844.2	19415.6
372	Spectrogram 1	1	19.195696430	19.201413382	844.2	19415.6
373	Waveform 1	1	19.215705762	19.223328365	649.4	19415.6
373	Spectrogram 1	1	19.215705762	19.223328365	649.4	19415.6
374	Waveform 1	1	19.420436738	19.427106515	1363.6	15909.1
374	Spectrogram 1	1	19.420436738	19.427106515	1363.6	15909.1
375	Waveform 1	1	19.448068673	19.453309212	0.0	19480.5
375	Spectrogram 1	1	19.448068673	19.453309212	0.0	19480.5
376	Waveform 1	1	19.462837466	19.472365719	0.0	18311.7
376	Spectrogram 1	1	19.462837466	19.472365719	0.0	18311.7
377	Waveform 1	1	19.477606259	19.482846798	0.0	18636.4
377	Spectrogram 1	1	19.477606259	19.482846798	0.0	18636.4
378	Waveform 1	1	19.701520214	19.706760753	0.0	17532.5
378	Spectrogram 1	1	19.701520214	19.706760753	0.0	17532.5
379	Waveform 1	1	19.722482372	19.731057800	0.0	19285.7
379	Spectrogram 1	1	19.722482372	19.731057800	0.0	19285.7
380	Waveform 1	1	19.745350180	19.751067132	0.0	19285.7
380	Spectrogram 1	1	19.745350180	19.751067132	0.0	19285.7
381	Waveform 1	1	19.772505702	19.778222654	0.0	19610.4
381	Spectrogram 1	1	19.772505702	19.778222654	0.0	19610.4
382	Waveform 1	1	19.925460670	19.932606860	1428.6	14610.4
382	Spectrogram 1	1	19.925460670	19.932606860	1428.6	14610.4
383	Waveform 1	1	19.967384985	19.977389651	0.0	19480.5
383	Spectrogram 1	1	19.967384985	19.977389651	0.0	19480.5
384	Waveform 1	1	19.982630190	19.987394317	0.0	19805.2
384	Spectrogram 1	1	19.982630190	19.987394317	0.0	19805.2
